1381
8092
7469
8300
7411
1725
2027
6694
8976
8589
5746
9596
5619
3078
5017
1331
6005
5228
8310
2410
3210
1008
2904
5402
7037
2761
9394
1929
8439
8795
1439
1625
7943
7923
2976
3246
5293
7451
4208
9703
5941
9077
3440
8568
2053
1573
5428
1493
7077
2461
4270
4424
8068
9725
4730
7445
2571
5777
4365
8937
6277
7004
6065
4797
2220
9656
3637
4206
3531
7175
1593
7519
1900
3358
5008
6675
3942
2591
8862
2678
4248
6414
1787
4319
7685
8769
2633
1330
7570
6809
3703
6322
4317
9052
2756
1001
1829
8232
8103
7833
8952
4117
3454
5693
4599
6923
3074
5857
1602
2350
5492
4855
2186
1537
3093
1554
4565
4752
3695
2887
2591
2974
3180
2907
5282
9246
7882
4551
2782
9712
2702
5792
6058
4878
7418
4340
8956
2438
1255
1824
3255
8006
3605
3784
5511
7524
4327
8033
4806
2257
8762
6346
2045
4692
2228
7176
6616
5590
1676
6033
1834
8743
2106
1741
7300
9828
7539
5260
7379
5785
1205
7336
1796
8336
2348
3428
3230
1443
3469
5703
5039
5223
3348
9691
5494
5554
6884
2581
7520
8061
8916
6784
3840
5810
3401
6379
7870
2070
4568
8070