27449036
27741803
27171591
27738307
27783638
27999598
27833021
27003400
27860071
27279941
27671113
27681332
27779356
27751146
27612477
27489027
27210854
27744475
27440636
27653278
27388774
27020107
27644093
27447616
27579907
27681240
27918453
27877419
27914960
27339814
27087250
27402823
27615345
27299636
27968559
27746659
27502006
27597913
27826451
27445346
27985284
27985435
27080572
27764823
27362997
27159744
27037384
27105089
27874809
27536868
27139305
27970047
27653154
27211225
27446325
27216428
27740436
27838837
27408485
27505511
27430136
27812036
27299744
27548286
27361738
27301320
27426439
27457481
27910367
27097125
27836020
27092885
27530694
27484988
27070469
27713865
27855436
27071147
27306717
27246163
27681907
27115547
27401036
27125390
27884807
27623672
27148914
27195926
27190829
27717663
27423753
27473244
27987602
27708339
27785284
27926025
27376395
27971179
27849662
27274749
27272934
27182988
27414915
27905859
27945998
27621803
27812194
27577943
27910972
27616119
27969536
27071810
27115715
27992060
27627371
27019926
27297986
27792700
27822942
27146853
27912521
27162859
27325152
27005034
27628576
27258739
27756556
27986967
27017497
27754520
27773944
27078059
27655853
27452050
27237438
27314907
27939010
27856828
27442801
27315352
27713049
27704768
27770555
27199112
27350878
27601003
27420622
27780206
27385204
27231086
27485426
27714343
27749616
27352730
27695842
27736203
27733762
27569944
27965095
27024422
27172015
27680843
27283575
27841252
27375958
27144285
27991275
27357464
27204352
27176057
27351408
27091244
27978189
27911995
27981570
27518568
27021150
27991084
27883356
27835422
27446124
27474919
27345603
27196266
27975056
27058903
27474029
27281030
27047644
27147586
27754021
27954350
27372468
27650102
27907706
27940924
27164905
27592005
27673854
27175299
27910816
27079126
27798289
27343197
27328787
27206631
27180892
27704533
27541460
27547809
27241133
27768721
27456491
27010295
27397076
27339009
27020444
27158549
27470018
27392287
27826125
27573340
27801383
27697189
27653116
27529924
27725541
27720687
27253931
27293120
27881476
27305383
27833477
27308661
27977033
27254824
27111903
27133624
27026232
27991740
27900182
27887268
27139515
27878022
27224015
27093832
27000554
27671445
27732516
27633825
27036072
27950775
27214828
27346204
27875483
27988823
27118894
27991257
27066188
27801009
27410770
27605779
27110336
27525950
27123884
27637983
27539820
27899297
27804108
27287824
27127741
27776029
27629925
27028499
27914966
27090343
27671652
27796045
27489861
27146321
27131570
27298953
27038797
27537053
27654911
27758438
27939579
27024634
27867961
27127199
27236907
27916104
27625586
27477561
27802457
27137440
27827122
27158769
27063237
27159101
27202313
27867270
27021333
27196015
27795162
27127805
27439473
27908260
27667582
27799669
27091280
27398589
27575758
27975077
27677125
27175391
27455774
27600631
27009703
27467233
27782242
27980433
27812988
27773976
27034718
27181750
27852007
27260171
27698592
27704884
27584084
27856418
27423245
27470457
27990507
27409447
27414054
27714060
27474343
27338810
27135670
27621950
27060870
27660293
27747858
27576571
27422234
27577940
27507781
27582217
27102087
27793527
27567102
27477638
27564821
27300823
27424129
27791688
27095002
27551778
27450375
27895070
27563710
27022588
27746730
27642291
27229429
27399306
27328854
27060200
27167735
27806550
27510298
27029919
27515075
27745534
27103348
27595375
27695189
27832418
27354587
27686176
27406246
27772159
27701140
27992994
27959416
27331177
27841787
27235336
27179913
27922066
27860773
27647549
27542342
27141183
27381811
27171509
27587507
27490940
27302878
27921652
27555835
27627134
27765285
27618233
27910627
27214644
27730377
27083752
27149754
27459549
27111195
27036013
27100431
27887189
27171570
27968040
27510843
27176625
27234041
27439671
27766297
27200065
27551542
27889385
27129526
27782062
27435789
27245269
27927465
27382304
27841940
27359187
27220953
27406894
27719011
27183975
27888773
27063649
27840250
27548005
27723246
27500711
27885233
27276768
27309757
27261576
27271672
27241447
27394880
27606139
27472991
27498404
27465071
27480374
27583317
27036441
27699830
27916509
27494987
27376265
27006317
27728851
27065904
27070166
27190377
27267368
27026454
27629471
27034698
27569532
27480706
27098829
27875141
27214188
27432353
27449885
27762179
27171242
27584821
27242303
27109654
27753655
27053699
27755891
27639962
27403375
27143914
27536615
27795932
27454499
27008121
27388262
27671868
27452276
27395855
27405859
27816368
27263979