101745
112751
167005
121211
162016
155923
141196
182283
131467
155438
154834
124030
145685
167119
144861
110555
196402
151718
146051
164051
131137
198656
135329
109114
157612
152599
104039
160808
167790
186228
173061
110956
129196
199740
122898
197178
146008
154645
115780
120132
177271
142917
195022
197794
113787
155547
161255
140152
100811
158815
159220
183015
162894
112610
175811
130555
151866
166142
106917
158267
188409
196447
136201
195743
142297
116320
130038
135145
117980
117874
133483
160626
104448
180246
181829
158127
135209
125614
111040
192708
158813
186069
151044
124561
153819
190268
172855
166119
114960
176473
102313
122886
192916
198247
167446
139709
186758
192143
187577
119297