65 84 34 71
42 14 29 22
42 15 43 99
20 17 78 54
73 53 39 62
67 22 77 90
63 52 76 46
90 67 44 30
52 68 50 41
41 33 22 85
91 98 23 44
81 86 58 20
13 78 73 87
28 66 13 85
34 95 46 79
15 49 93 89
49 38 27 74
76 93 59 80
64 35 77 55
80 75 83 64
86 26 39 14
40 13 49 54
57 11 65 87
33 38 37 41
63 75 34 55
68 50 51 94
46 26 57 71
88 16 69 60
92 32 51 43
30 22 37 48
67 24 54 57
63 48 29 98
35 97 17 83
83 94 26 16
19 78 87 73
92 82 64 72
17 45 59 24
28 21 10 79
56 20 82 96
88 68 64 90
43 36 20 75
42 18 96 33
76 81 62 65
69 58 52 39
78 72 27 41
30 12 60 25
23 19 62 26
31 80 16 32
40 21 17 32
42 35 31 38
51 58 11 34
45 63 39 90
57 70 32 15
92 27 95 15
18 59 12 45
65 87 46 93
12 96 82 36
28 66 69 99
18 45 53 93
12 80 11 37
35 13 96 35
28 59 95 14
14 74 10 26
37 61 77 39
33 12 47 61
37 68 61 97
48 40 85 13
72 95 66 53
55 20 43 88
16 33 46 69
44 73 94 97
44 42 29 29
24 74 40 84
82 70 27 86
81 31 97 38
85 17 19 71
25 23 71 56
99 52 21 53
99 45 19 47
22 56 66 79
74 55 49 34
89 50 67 60
51 14 91 50
76 10 91 47
23 70 27 30
86 98 10 38
77 29 83 23
79 44 88 31
48 72 24 36
21 25 98 92
24 18 58 36
25 75 28 54
81 25 18 16
21 41 94 62
15 60 40 32
31 30 84 70
43 91 56 89
19 11 11 61
84 47 36 89