1009 1002 1004 1002
1005 1005 1000 1005
1008 1002 1002 1002
1002 1003 1008 1007
1005 1006 1004 1003
1003 6542 1004 1009
8425 1007 1007 1007
1003 1007 1002 8454
1001 1005 1003 1004
1000 1007 1005 1007
1008 4456 1000 5359
1005 1001 1009 1009
1001 1009 1005 1005
1000 1004 3006 1005
1003 1006 1009 1007
1005 1000 2628 1008
1002 1002 1004 1005
1003 1006 1008 1000
1004 1008 1003 1005
1006 1009 1000 1007
1002 1009 1008 1006
1004 1000 1009 1001
1005 1006 1000 1000
1002 1009 1007 1006
1002 1009 9919 1002
1009 1005 1002 1009
1009 1004 1000 1004
1000 1003 1009 1008
1001 1007 9614 1000
1005 1008 1008 4399
1009 3401 1004 8372
1008 1007 1004 1000
1002 1006 1004 1002
1004 1003 1003 1004
1006 1003 1003 1007
1003 1003 1003 1003
1008 7312 1002 1001
1007 1000 1001 1005
1005 1000 1006 1009
1008 5868 1006 1000
1001 9747 2521 1006
1002 1000 1009 1005
1000 1005 1000 1007
9655 1009 1006 1006
1000 1005 1001 4073
1003 1003 1001 1000
1009 1001 1007 1006
1005 1005 1006 1005
1008 1002 5190 1008
8793 1008 1007 1007